# FAST-LIVO2 calibration format
cam_model: PinholeRational
cam_width: 1920
cam_height: 1536
scale: 1.0
cam_fx: 1015.44
cam_fy: 1015.35
cam_cx: 962.234
cam_cy: 767.719
cam_d0: 0.932534
cam_d1: 0.136603
cam_d2: 3.67652e-05
cam_d3: 7.0836e-05
cam_d4: 0.000384009
cam_d5: 1.3277
cam_d6: 0.404217
cam_d7: 0.0151234
reproj_count: 4
reproj_rmse_px: 1.16817
reproj_mean_px: 1.16396
reproj_max_px: 1.32786

Rcl: [ -0.014694,  -0.999875,  -0.005849,
        0.292082,   0.001302,  -0.956393,
        0.956280,  -0.015761,   0.292026]
Pcl: [  0.007460,  -0.077519,  -0.071132]

